0 0.8078125 0.63203125 0.190625 0.1515625
0 0.11484375 0.43671875 0.109375 0.384375
0 0.2375 0.41875 0.134375 0.625
0 0.35234375 0.52265625 0.078125 0.371875
0 0.3546875 0.23671875 0.0765625 0.171875
0 0.5546875 0.20078125 0.2921875 0.2921875
0 0.74921875 0.43203125 0.228125 0.178125
0 0.946875 0.5140625 0.09375 0.3
0 0.5359375 0.6421875 0.04375 0.196875
0 0.60078125 0.4890625 0.034375 0.2375
0 0.8484375 0.81015625 0.053125 0.1515625
0 0.7578125 0.7625 0.096875 0.0875
0 0.63984375 0.9640625 0.153125 0.071875
1 0.5515625 0.83828125 0.1125 0.16875
1 0.58515625 0.6984375 0.05 0.090625
0 0.31171875 0.81015625 0.178125 0.159375
1 0.14453125 0.746875 0.14375 0.2203125