0 0.8296875 0.559375 0.2203125 0.190625
0 0.11015625 0.525 0.1921875 0.4
0 0.22578125 0.4796875 0.271875 0.6390625
0 0.3609375 0.55546875 0.1609375 0.38125
0 0.29921875 0.27578125 0.1125 0.184375
0 0.4859375 0.19609375 0.35 0.35
0 0.72734375 0.37734375 0.2625 0.225
0 0.9296875 0.4125 0.140625 0.3125
0 0.5671875 0.63046875 0.0875 0.203125
0 0.59609375 0.46640625 0.0875 0.2390625
0 0.909375 0.7234375 0.084375 0.159375
0 0.81015625 0.69765625 0.115625 0.1078125
0 0.740625 0.92109375 0.165625 0.1046875
1 0.6265625 0.81796875 0.146875 0.1890625
1 0.62734375 0.67421875 0.06875 0.1
0 0.3859375 0.84453125 0.2109375 0.196875
1 0.209375 0.8203125 0.190625 0.246875